788
5019
2710
785
3685
8888
7294
9047
972
9431
2843
1026
2684
4492
8956
2347
2723
6095
4178
2700
6816
411
3639
3794
758
6284
6228
4078
2356
3461
4763
8608
8023
778
8607
1996
7800
6335
488
8309
5015
6129
5917
4480
836
7454
4587
9187
8555
9534
2299
2933
4803
2387
7958
7586
9198
5337
5813
2215
8700
7180
8191
8722
3762
9153
4533
1759
1306
7497
8228
1900
8692
6205
6220
2327
6823
5888
3036
5215
2450
8168
5483
5042
2989
9495
1644
2531
1187
9121
3630
3953
1767
9449
5081
4800
4170
3002
8219
151
9798
6626
7564
6464
8795
7122
1637
3503
6151
2574
5473
9420
1392
5150
3823
1191
5696
2410
4926
2474
3185
1944
2415
2378
9802
3386
7072
6405
1348
8139
1887
1760
8323
5116
3233
2306
38
6493
4866
4915
3033
9589
6072
3254
593
1101
6224
5832
3318
1357
7086
3046
7783
7886
7913
637
6913
9711
9467
9211
563
8210
292
1193
3625
946
1007
7299
7916
3281
4530
1547
1196
8014
2408
1922
7576
8496
3155
5642
3526
1034
2185
8403
8419
3013
8456
9258
5090
8890
6177
438
4138
7859
4637
2430
2690
6912
3296
8852
2112
4821
6717
9554
7746
5654
2368
1153
3412
8098
1461
7891
7296
4789
770
9650
2552
9421
6827
3277
7215
3422
3299
3531
9296
2903
6438
8508
5990
4633
3615
8561
115
1227
8667
9008
3445
6449
3312
7986
9318
987
8033
4053
7
7361
9708
8468
3163
1804
6670
6099
9782
1263
2151
6368
1797
5955
4098
9555
4152
9451
7698
2337
8562
210
746
1234
465
4850
541
1561
6729
1324
8584
3927
1583
5395
6125
8207
5294
223
4873
9233
5400
3931
639
3776
3023
8911
9976
9859
8691
6826
2631
4659
9098
9860
1363
5485
1869
2796
5579
8485
5051
1378
505
1356
8062
1777
2672
9123
4238
5851
6639
463
5192
2966
1075
3585
9393
9031
3505
87
4122
9590
1156
9004
9749
4293
5285
4269
1654
8874
692
8628
3627
2870
7457
8671
5530
8994
2666
1175
375
10
8968
1875
3827
3686
4791
6462
5593
4392
2163
392
5963
2577
9248
2108
5637
931
3250
3084
7244
6237
4509
8780
9596
2294
3209
6264
1656
1919
4839
3080
9320
6394
8041
2814
2338
2145
2379
6521
321
7498
2542
779
7771
7332
5559
6253
249
183
3801
6634
7434
2178
2953
4919
4056
9702
119
4937
3122
7732
7329
7541
3499
6573
6292
919
3529
5287
417
8907
3162
1362
2951
6124
67
4737
2137
5265
6229
9143
2412
2688
6909
5039
4494
2548
9522
9292
8287
3427
4000
7742
1774
1055
7217
6461
4631
9924
9528
8036
903
6351
4130
1408
2657
3077
3397
1415
2621
863
6291
9587
4323
5968
8294
885
4287
8175
8288
3647
4422
8506
289
7031
5610
3860
3276
3610
389
9255
691
4760
7704
1152
631
1999
2562
2787
2655
3969
19
8670
1179
3343
2781
9452
6436
7777
8346
9753
6398
3650
6899
2320
5276
2316
2533
1643
1619
8225
5141
3617
7414
1029
7853
2485
8390
775
8070
8605
9691
2259
7135
4470
2440
2897
1586
5865
3582
1902
13
5578
2012
1502
3216
6396
7377
5099
5448
8454
1608
4978
7016
850
331
1576
2000
20
5076
190
5014
3153
8894
7130
4119
1823
9335
6324
3288
6024
4315
75
4581
1499
8824
4921
5701
7811
5615
5779
2952
6093
3972
4790
2371
2918
6014
952
6355
1808
2102
8840
1464
1635
2303
688
1043
6550
8596
6109
2262
6204
4167
8924
8032
7905
8633
1039
8551
8038
6587
1393
9356
7436
6954
9030
485
8750
5643
1339
9226
7227
4814
7292
3704
2932
9379
7143
6554
9388
2311
9375
8053
8013
4292
1535
2878
9981
4894
2827
7551
9683
250
6611
3795
3335
6786
6425
1599
9155
8927
1820
1983
6134
7671
1388
6104
3061
3217
9680
2825
445
7797
7301
446
9477
4720
5695
1676
5523
7612
9278
9750
7067
3946
6321
793
2201
3766
282
9312
9514
2650
8963
5199
9983
7407
5189
9294
2759
2537
9046
5016
5498
5328
1578
1901
9167
8437
1788
735
2658
6617
773
7703
5766
9406
3328
9854
8331
7381
2505
3758
7012
6293
9804
5592
205
5430
5149
6702
4507
7416
9061
6361
6515
5747
666
1429
6567
8719
3225
3993
3684
133
5932
9523
1281
5796
8704
7322
5631
6395
4623
3311
1377
5737
9475
4258
3589
2066
4109
6870
9084
9519
3098
7851
9275
1732
1693
4759
9454
8619
5053
1307
4080
7657
4756
287
5145
3843
4961
5748
3482
1241
9044
1744
1772
7743
263
1211
6153
6620
3699
2823
8279
5234
8352
2908
5721
9334
7127
1138
2354
1472
532
831
5457
3304
8406
7747
3950
1069
6215
2264
7270
9086
6269
2031
9259
6889
9333
192
5545
3040
2557
9045
9182
686
447
257
884
378
6806
1474
2895
8104
7240
2357
8341
5920
9676
8048
7284
1882
2249
3981
3173
6169
8585
9499
8235
8339
7830
2598
3108
5231
6442
5252
2996
2899
6569
3655
4153
7211
1952
8958
9909
9352
5997
4548
6486
3378
2512
3462
3204
1690
5424
1785
164
134
172
4502
1255
527
8424
2969
3348
3941
8934
546
7403
1068
9104
421
3316
9585
7976
1405
1503
2233
8333
2152
642
6602
6216
1462
4352
5942
3291
3490
5881
2034
6254
1002
4741
111
6423
8889
4148
2882
6048
6244
4410
2751
8659
5966
951
3729
1713
6028
1319
8536
9947
5117
999
9049
2711
6348
1807
3534
7683
6537
4275
2503
32
5003
6165
4508
3470
2636
7467
9392
7285
524
9614
4372
1334
8731
9806
5758
7670
4201
4431
3719
8967
8400
3123
967
8804
5126
8385
7890
4596
1058
965
6984
4413
4665
9894
36
9345
8803
459
8861
9727
7030
3577
8677
9656
1223
4475
6997
7277
1571
716
8573
4853
1655
7980
9461
3139
5732
2192
5403
1169
1526
6206
1197
7460
9963
2103
2950
5533
2228
5291
7050
8941
8814
7575
5798
9631
1423
4007
7068
6535
969
994
7984
3841
2355
5527
5074
9990
3125
8569
2452
1781
5994
1582
787
6116
844
5646
5933
881
2744
6239
6770
8786
5322
7768
6117
3300
7595
7588
598
8034
2424
3787
9304
5181
6722
5842
2521
8959
8987
4457
2718
8725
8212
2312
7983
4247
6303
3793
2927
7868
1446
1816
1683
8076
334
2549
8714
9575
9605
4403
5949
5301
7326
4259
1694
8839
9265
4704
8443
3
515
2527
4574
3097
5101
6709
6797
3555
1291
742
6202
4179
9145
5791
5986
8127
4008
6544
3180
105
7070
1321
1998
7971
870
1867
5302
4757
9209
624
1559
8363
7867
5811
5783
8662
5657
3101
3879
4968
8707
9954
2099
4189
4578
3834
7035
4872
7357
802
3268
3661
84
9493
4698
5389
416
6796
9834
8611
9252
1548
7505
3868
6741
5707
6600
4973
1909
2182
6138
1177
5821
3151
436
8746
3081
9272
2154
4767
2429
2731
7643
611
2501
9901
9852
6975
3347
6873
1959
3469
8464
7572
1678
7590
7849
8186
8513
7961
9569
5088
5978
3662
1164
7560
9141
8767
7051
7909
2520
9289
569
1025
8528
175
5763
5200
4289
1685
9831
3999
9274
7559
8258
805
7333
2093
1993
4132
8493
6407
5258
6994
1984
9064
9634
1657
2603
2325
643
2447
8180
6528
4449
8171
4677
616
1103
7060
3426
9164
9733
887
9411
753
5094
9829
4283
6448
3815
6795
8586
1733
1716
7947
9007
5774
995
461
2980
1939
5160
5561
9483
883
1467
7303
4773
203
3697
479
7759
6476
9993
6999
5068
6924
2161
8571
8274
1040
1853
6643
6746
8868
1763
3975
2802
7139
4317
4324
7316
6006
5872
3261
2094
2195
3952
2715
6378
3782
1012
9513
3635
5470
4571
2602
9020
9295
4028
8484
4569
5357
1349
8880
6078
135
5512
6376
2864
6350
1399
8427
7744
2764
1090
1214
755
9013
4353
9980
4210
3619
6283
8975
7432
3433
433
7617
7336
7133
4506
764
7995
3587
984
8121
4379
8534
299
8609
8006
2158
2160
4595
5946
5163
6422
681
5325
2226
5492
1304
477
3694
8820
7997
4244
3911
4110
2113
8847
7917
195
2040
9014
88
2076
7507
8876
7366
9570
8512
774
4711
6635
4486
4388
7784
8314
124
404
7306
5050
3496
5690
2105
897
8442
9314
1845
9663
8754
6504
1925
2184
1851
1524
3407
2302
3546
3355
4445
6471
7015
4798
3133
4707
4409
4825
7600
6775
8073
9180
4222
2687
3677
7466
2659
4428
9851
4254
3731
8606
2656
8952
8761
1001
4827
7451
3861
12
3072
2586
832
3303
7527
8899
1061
9357
2317
4472
636
1167
5661
8135
4883
895
9592
6111
6933
5082
2649
7034
3947
5406
3284
4277
3379
8527
5991
9422
4321
9101
123
6278
983
5171
3191
7156
6415
3654
8054
6044
5913
9740
5120
1798
2990
8601
9705
9644
1620
2377
7245
7121
1669
5819
6669
60
1658
4558
8187
954
7524
8017
2555
3720
1418
5450
7639
7929
9641
7027
7870
7981
2536
612
3201
7082
1141
1092
646
9531
5463
453
2135
7488
5582
9760
9830
2175
4367
9179
1970
6062
4386
3957
8509
5557
2318
7512
9197
7315
3149
867
4294
268
5392
8720
5585
829
9889
4030
1106
5066
4867
7338
1968
131
3198
7265
346
9945
9385
6659
6848
1309
8344
9354
7154
92
1539
2275
7197
649
4460
6052
5113
3620
6545
9092
5011
3789
4731
796
8832
259
4739
3165
3948
1206
3083
8574
6998
5387
1023
4601
3745
8388
9761
6446
7288
5919
3468
7510
6574
5848
9833
2260
8096
9824
7233
927
2888
3803
97
7391
6721
9423
1826
279
5885
9074
8201
7054
431
149
8194
8932
1834
8477
4573
1010
6054
4632
3212
5364
184
1244
7623
9940
1897
4629
9466
1786
8149
4311
4505
2241
8784
6173
9053
1607
4754
5175
2176
2005
8940
5369
9960
2944
7619
2079
634
2150
2206
6783
6861
6581
4881
9698
6139
274
3965
7979
4753
4040
780
8961
7693
8726
3306
7390
8759
7857
7129
9082
4184
5954
6411
6787
1350
5079
3878
454
2153
3375
910
5244
3970
7444
2032
9548
4510
7448
470
5794
7532
3069
4139
594
4038
2767
7235
5407
9853
3649
1728
2472
1093
6004
384
6686
5787
8993
3749
8908
7237
8050
8411
5449
9445
1754
2336
3871
553
1809
8646
2600
588
3009
5399
5939
8417
8418
9885
7484
6456
8336
9341
168
8463
9577
7521
6692
2248
601
7565
2321
5902
1011
5073
4318
9346
5319
7816
4540
3436
5541
1783
7119
1292
2049
5002
2235
7433
1702
1233
9571
5880
1063
9623
5924
1906
7858
2638
2382
8387
6354
4812
6255
332
625
5107
7779
7587
9927
8316
2223
3535
8111
5396
1102
8572
8505
623
7001
826
8308
7871
3056
6932
9377
74
2425
7911
806
179
1346
2242
145
5555
1757
9212
4079
7472
3797
5420
137
5928
4214
2758
2396
953
9568
1397
2754
4296
109
4742
2970
3517
2753
5194
4749
1776
2328
7842
6185
5198
1606
6021
8338
316
7621
1854
2810
8372
5591
9440
3806
2057
2375
6502
4992
9264
4456
1873
1822
5574
1435
6531
8655
6571
3715
1105
6390
8966
8150
5376
435
3708
2567
8706
957
6498
6552
8687
8479
7470
2707
466
2222
6301
2054
9242
9713
5379
1931
3898
767
1549
7819
8057
3572
3039
5663
6843
1706
3591
8064
7758
6811
7889
4544
3746
8498
4551
5270
5138
6075
3853
8110
5971
4163
4518
7354
3805
5092
7539
912
8871
1937
1400
1802
3298
9446
5454
6362
7191
3085
3652
9696
1482
776
744
4989
7200
9826
8086
528
9162
408
8312
5760
5131
8068
56
2261
5964
1501
7157
3057
296
1236
6817
8634
1739
8018
3603
1174
9637
1024
6555
51
2110
1508
1315
9205
9481
552
7365
8872
2167
2386
1697
9254
707
9003
2984
640
4380
1375
6192
2694
2939
7364
4484
6658
3765
4003
2508
5918
1500
4795
6908
3309
3405
227
9457
7350
8223
9777
4451
6383
3481
7372
4345
7101
1556
136
7882
4117
503
9790
2029
4802
5021
142
6503
59
4680
6953
1219
3936
3681
6377
4083
3682
7478
6322
7855
7615
9192
6950
3387
5716
7589
975
4828
6020
8699
7538
7535
5060
9716
4087
5681
240
2365
3447
2704
6846
5823
2168
2403
9820
2404
790
6697
6712
3479
5569
7378
1273
5598
5471
2495
1633
3900
3824
9478
3471
641
6753
6465
2310
9776
8082
1874
1761
8681
3676
1228
5750
5518
3608
6594
5414
9535
8216
7318
9298
4229
4427
5652
7650
58
1294
879
6356
2976
5203
564
2947
7163
1259
4591
1095
216
1313
1293
7799
6589
2818
5284
2220
1308
4430
6713
3243
7553
6720
4991
4668
5468
4295
2376
9057
3138
8920
372
6017
6482
9157
9645
8491
7210
7792
478
3667
4493
4441
6225
7256
2165
2257
9972
1222
8597
452
121
5886
4684
4171
9397
5705
9714
9391
2997
6949
1210
8554
8326
199
7446
4291
5228
3570
9736
7120
2406
1837
7087
3705
4485
9593
2315
1394
7111
4298
6559
9041
7216
3735
6865
398
9630
6042
5439
7205
590
40
9491
5847
3888
1660
9188
2127
1634
2597
732
1572
102
9814
5675
309
3668
3205
6751
1839
1351
7892
8537
9417
8399
8778
1277
49
4906
6782
6979
3561
2227
9351
6330
7936
3448
7384
916
5822
2803
9148
8467
673
2768
6121
4917
5240
4801
689
1855
8254
3442
7616
8768
1077
878
3079
4888
3389
6280
387
6802
8724
9343
3721
5031
3351
7102
5775
1646
1594
7184
3154
9176
5903
5315
2266
1610
5109
6757
3592
818
7029
3769
2822
6564
5606
3740
5500
9324
4282
2181
226
941
8128
8981
727
2719
807
2362
5204
3924
8438
6214
1519
374
4809
8644
6540
1003
8173
6512
340
4642
6565
4958
8376
9594
2779
962
9039
5671
1980
8361
4613
3854
7525
4606
4656
1422
6561
9979
873
6251
3750
4180
8841
4020
1340
6318
7178
8009
7896
5167
7570
5672
9060
3086
3712
4651
581
4362
4817
9106
4476
1750
7165
1835
5627
7923
5233
3614
5045
1932
2056
3832
242
937
1475
4513
1589
8718
7137
8881
9639
2276
8278
3905
8389
866
1731
5778
469
6719
2866
3807
2334
3238
3377
9270
7992
6546
5020
5197
9884
7978
5056
2692
7724
339
4421
4885
7645
8809
2894
9929
7555
4060
8213
9079
9287
7817
668
2748
2457
4366
7821
9931
7700
2138
1389
6897
4306
7969
7232
5381
5562
902
3345
1296
9186
8413
5356
8593
7486
4683
1282
8008
5686
8325
4442
9693
7766
1581
4066
3930
1624
9879
7750
8801
9288
4166
9139
2813
9436
5487
5771
4988
8249
4987
6983
6494
5558
5999
3367
6221
5546
1868
4265
1665
4626
8516
786
1953
6830
2061
2911
9150
2296
418
2439
3984
540
1401
219
4305
8627
2565
781
9245
745
2003
209
6135
1930
573
3548
9793
7214
5693
6466
9870
9002
7794
7059
6003
4147
3112
3380
8869
5649
7308
2518
1074
5929
6319
7591
9653
252
3512
5320
5733
2497
9488
4944
2642
4511
9796
6885
6073
9892
8557
4281
9667
2329
977
1972
9936
3391
7380
9394
7872
9533
7386
3116
2174
7884
575
1402
8044
5334
4192
6371
1737
3353
5394
658
163
7181
9116
6790
3440
5481
8504
9652
176
5767
402
3382
103
4607
2633
7146
8085
9299
8843
6389
2904
3709
3616
5433
9149
1053
6408
8248
4284
8315
6883
8060
6015
3044
7832
9368
2058
7760
3683
169
4057
3498
6298
3598
5331
1157
8069
5174
5165
8481
1638
4612
8680
6524
9427
1942
2733
8654
1659
450
1235
4406
2926
7402
3583
34
483
9146
8822
6668
3896
5238
9965
9508
2339
8169
8028
8380
6034
6529
3350
4650
5123
3297
1224
9538
3455
8669
929
4762
627
8469
1649
2072
9715
7661
1347
1323
5581
7999
4355
8153
3256
5544
4055
9161
5152
8893
7888
7960
236
2046
7946
3497
4724
5188
9018
5825
6678
9786
2070
5836
5012
7218
4232
8883
8324
3945
9437
174
2774
7281
9068
4228
110
3899
899
4350
7626
4655
980
2370
5835
2589
2213
8974
3641
2973
4426
8678
112
8172
2188
9545
9608
4257
8003
3073
8818
1747
1126
4931
604
7669
5875
1926
1661
4781
5251
5335
5147
6441
1014
4617
3747
2335
4813
3104
9893
2978
1552
7161
6987
5044
4105
1522
5464
1557
25
6704
8947
1945
8577
4929
3967
3421
8238
909
6901
3996
117
5859
4463
6886
5316
3012
235
7469
3128
7028
7734
5850
768
181
9842
3778
9279
664
2755
2607
2298
7049
4725
2929
4898
5084
1104
6576
6001
3487
7573
2416
6718
2891
978
4094
6534
8896
1049
4351
7557
2343
8705
5712
765
9685
1160
7561
5071
3253
9746
3847
9512
39
3889
4769
934
3864
2807
1536
8337
7605
9880
2042
6755
8319
3578
6182
4077
3605
660
6481
260
6410
5611
1989
6833
2886
5507
4022
5961
8675
4165
391
492
6821
474
8875
8900
4610
1217
6868
2332
8812
5072
8827
675
9770
7878
9721
8270
4635
1158
3001
4676
3959
3897
3593
5867
4746
4157
5242
3289
425
8909
4429
3606
7873
530
4393
2921
3621
2782
3280
8052
5505
7499
5542
8310
918
1641
2581
4627
9142
5114
948
7379
57
9986
4251
4819
5491
2509
8356
1773
2662
1537
2237
2239
1691
182
7171
8378
1666
1611
9905
6424
2427
2432
6805
3214
3244
513
317
4666
7080
1708
5862
7569
5614
4641
1636
3439
5229
8087
7331
9827
701
9326
4459
2148
7311
9144
5934
4892
8763
5345
4322
3042
9791
4834
2831
6256
8615
5636
6926
3523
3392
9498
6507
6742
9783
8155
734
7422
4787
8450
921
4187
4149
3812
6248
8501
2095
2200
2510
653
891
8815
7346
2193
7654
9602
7349
4529
8056
799
9118
6032
8526
9844
6551
5700
1280
8220
8752
7360
6286
9102
9868
4857
3642
42
5538
3388
2795
8440
6652
3664
9400
711
6930
4474
2576
2547
6749
2071
2036
4356
945
6484
680
6825
6372
7138
4815
9290
9271
1766
6859
129
6039
7765
8507
9133
4043
3916
8576
5535
2936
4528
8275
2617
6895
3870
3258
2392
5953
7236
2887
5600
8116
1871
3121
7914
2595
3663
2592
6791
6227
5159
7948
2913
5807
1065
9416
5440
5435
4890
5989
6373
911
8756
4751
9080
4786
1825
4841
679
7828
6085
7410
5735
3557
8472
6903
4290
6013
6614
6195
9925
5601
3480
7136
4982
7674
7938
7843
7368
4715
9971
80
6158
4998
429
1969
6763
875
4174
9891
9319
7264
683
4701
5371
4039
5295
4976
4452
6312
4433
9809
1018
7274
72
8960
3856
4074
7738
8630
1963
5248
4483
9735
3320
2714
9784
9812
8495
2794
3693
9238
2883
8891
1343
9700
3364
4877
6400
5644
5749
8293
1601
3071
6040
3247
4861
7376
9874
854
2117
752
8401
6483
6122
1929
8682
7625
353
5219
8648
7874
4880
8001
8838
1569
9890
4371
6473
5856
3737
5250
8255
9247
6599
5268
4236
5278
6235
1799
9744
3003
2898
5937
2829
9227
7449
6789
8037
9660
5232
2216
6584
3115
247
2693
7790
6323
1305
6760
6428
9769
3374
271
7405
8328
4304
2407
6250
6685
5052
7105
4622
6240
4411
196
7653
9418
9517
3651
7692
9453
2196
3199
6946
3908
6477
4268
2025
2988
7032
2614
1856
8252
9911
5891
8231
2999
4150
9016
6829
8916
1341
4378
9048
144
5777
2238
8739
1951
7776
4797
7323
7083
2797
5280
9561
8951
3581
1978
6137
3883
2252
8170
6914
8486
9710
6167
1109
6553
6223
4142
361
8420
7195
475
6162
9218
2291
7463
9216
7648
6365
9690
4692
3211
8637
5982
5679
2902
3986
2568
6937
4824
8855
6894
728
9228
5382
3748
1297
2892
7230
1020
43
9720
3340
8853
7435
1521
414
2545
222
3172
8901
7622
9199
3997
1695
7258
3786
3985
6809
8904
4067
4738
2132
8701
671
5515
6307
9459
5837
6146
761
9302
7206
9174
2352
5022
9311
2956
7634
1698
7091
4554
1789
6274
3275
6813
5155
8559
9281
4876
3700
5575
543
7019
5063
4404
1912
667
8364
8937
5046
8161
4019
8447
5638
7094
8638
4231
7262
7000
5508
6055
1159
7131
7791
6433
9825
3644
6638
8164
7307
6331
8205
1727
3754
6869
712
7526
4716
5289
7885
396
6501
5962
9552
1084
5570
4401
2458
2517
2052
6243
996
3137
4546
3307
358
2268
4771
6429
7610
5876
670
1958
3403
9543
8834
8478
8783
510
5858
7327
4454
1054
2263
3327
5844
256
6532
609
313
4
4657
1383
5411
16
1914
4116
810
5460
4856
3673
5216
729
5027
971
1045
2697
5617
8895
7869
8798
4207
7516
2620
5645
3218
9313
6288
2050
2559
7831
6144
5013
9251
576
1253
5354
3404
9622
6208
3906
5977
4831
204
4599
4181
8792
6412
3521
9413
3744
8224
1947
8543
4373
5746
600
4963
9009
8065
5119
6606
591
4032
1692
6435
7185
8263
1928
9415
1136
6157
9091
8452
6491
2785
8514
9876
2728
1623
9767
9930
9836
5177
4288
2528
5898
6329
8174
6327
3973
508
1360
422
2492
1753
3226
3196
1696
5717
473
5782
4693
5980
295
2750
7187
2784
5425
248
4887
3466
1793
8474
1129
8935
2532
1162
7944
4818
8686
6762
3255
6608
6458
8910
6992
5648
2470
1858
1604
7409
8771
9647
30
3980
9772
1699
8945
3489
6518
645
1579
4313
9997
9915
6191
7530
5217
1094
3021
5106
7397
7042
2453
7977
8005
5445
1981
2513
7508
4519
1083
2644
9603
8140
9464
3678
615
5017
5659
9291
6769
1432
2234
1575
191
1527
7534
198
6495
4387
6304
5367
2438
276
4438
7953
1354
7283
9907
6252
130
4013
3251
7006
5975
7429
8728
4143
9170
6715
2086
7883
3230
813
3475
6064
3726
621
3010
8776
6058
7440
3760
4645
9562
9355
2696
1283
7396
2284
3279
6679
229
6793
6841
5108
9256
7583
1278
6332
5431
936
444
7020
5273
497
5043
7547
1431
1225
1725
3135
4202
9969
3558
3017
9024
8200
6457
5669
982
4557
6242
2835
1628
7618
4653
498
6944
9573
7793
65
1934
7257
3569
4255
3656
5241
4628
2964
2730
4023
8540
500
3220
3228
610
2448
3491
5442
5742
5105
351
6636
5845
6644
7640
7170
1201
9818
2868
8292
8245
7592
9661
3360
6440
6810
5632
9505
2486
2179
3979
5739
3175
9154
9398
2422
3419
8674
367
2799
4062
1064
7722
8211
456
1618
6831
5465
2271
8
2374
153
9765
6136
6696
4161
2816
935
6334
2009
4745
3215
6952
1672
9374
8844
3278
544
8624
1622
161
3308
589
1385
354
7250
4253
5525
2305
3994
4280
270
3055
9056
8736
9779
9021
9107
9484
1994
9193
9928
2680
1311
3532
1364
4368
821
3638
6929
955
2890
4499
5806
6463
6632
3763
2949
9600
9863
5462
9640
3485
6393
6246
3743
7597
3768
4727
846
6588
3157
9581
9033
3274
7491
4602
2489
4954
4346
1057
3790
9530
6693
9349
8113
5833
9103
3791
7419
741
3626
2938
5136
5944
1836
8105
2088
8091
6176
2236
2591
4417
3074
424
3266
9689
3183
3894
7523
6316
1091
4840
6568
8383
511
2077
5338
8600
2463
997
2582
1230
6993
6902
842
2026
2959
548
512
2937
90
6526
26
432
2522
9403
9516
7578
3920
6132
5952
4945
71
6418
5744
8733
9113
4796
2043
7225
1220
7749
2616
2149
5625
8816
1662
8107
8049
4221
277
6878
1258
1828
5894
1687
9919
6849
1417
7652
4215
5809
9221
4922
6472
9507
5486
713
9490
5828
4671
7773
6309
3090
9952
5065
8143
6009
3540
1239
3976
3038
6088
1976
9819
9611
5879
5764
2212
1114
1505
70
7966
1204
747
1209
841
6931
9564
7098
8603
1006
9515
6754
9529
1865
6911
9670
6506
7489
9808
3361
6556
8439
8696
886
1612
2390
1544
1741
801
6232
8772
5510
5727
8347
3370
9055
9163
6973
9433
1605
1458
1907
9267
6824
5571
812
6938
8813
1027
9897
8663
8370
9095
1477
3305
9718
8779
7362
662
726
7787
7675
7123
6468
9471
7128
5599
7476
4220
5653
3047
7473
7071
1344
7151
2142
6864
1183
3041
1445
684
344
5343
4016
3463
5853
9532
9201
2301
6794
338
8825
6247
5589
11
6366
8566
4069
8396
307
907
234
1528
8367
9502
1516
8998
5540
9873
6985
1986
7387
8626
4949
41
6976
7351
8519
2033
8480
4826
1243
4239
1048
2975
1021
2290
9995
4495
7342
7544
4096
7212
9920
4810
5480
2678
9922
8154
3527
8873
7935
1886
1081
4726
7802
6409
9073
9181
3949
1946
4182
3464
5218
4026
6925
6029
5970
7188
5304
9850
9957
8773
8857
4953
4199
5957
6784
8092
3502
5810
6510
3599
5667
9410
6279
2106
2540
4950
6295
1893
7442
8002
703
9177
3752
798
3877
496
5685
7153
2634
101
2124
7996
2122
3514
1181
1824
8621
7801
1542
6557
8985
7241
6289
5860
7289
1310
7620
5321
3063
6516
5275
5979
2727
2525
6149
815
6340
9462
6051
5036
1336
4327
4583
6923
3902
2998
5641
1189
3601
9556
5444
2994
4102
4349
4901
3511
9651
6910
3703
3349
6969
9213
9878
1133
1987
8276
9953
2120
9469
6655
8518
85
9072
7008
7459
7090
9861
9578
9754
1147
5176
8286
7399
9094
6928
5281
3132
1120
3507
7850
669
6320
2553
6230
4024
4758
5195
3713
4794
8497
5960
7748
9401
7719
6621
657
8112
5786
5416
4121
9781
1127
5124
3530
44
3414
6961
7940
3399
2369
2218
7228
7269
7305
6497
4565
2538
1494
5220
3107
7109
9487
857
3032
574
3358
6273
6189
8266
2840
1667
2846
1369
2231
9729
3757
7183
654
7506
9944
4640
6000
7352
2837
1490
1425
8929
8108
3381
7271
4829
3459
2575
215
8114
9537
3213
148
291
2671
4453
3926
4095
8394
9518
8106
4104
9496
6275
233
8243
2449
9628
4560
4695
1122
1272
8811
3848
4224
759
9688
7426
9130
9183
1460
4383
2111
8214
8119
6386
1700
7941
2170
8550
9376
8051
9085
1285
9677
8962
2147
8590
2351
7124
5761
3938
835
6736
5947
2388
5040
4673
3919
1123
4816
9966
7514
7310
4679
9358
3179
8059
1022
7335
5906
3049
5618
4479
3640
9840
5834
3239
4697
8115
4233
893
890
4136
1531
769
6629
1386
6171
8035
4904
125
2462
5459
5655
9549
1455
4942
3774
4365
5282
620
7398
7568
3492
5861
7509
7511
6257
325
3114
8159
4774
7720
7055
1454
4729
1200
9617
4342
3509
4550
1936
7300
2141
4864
676
4663
5373
4272
8892
9697
6276
1332
9599
8749
3037
9584
5279
8547
8499
9399
9801
2747
6918
8819
5246
400
7388
979
4399
2269
8521
2366
3513
2330
376
8755
5029
6948
6118
5792
4822
5580
9365
6180
5186
9701
2726
1130
7663
3075
7040
6881
2039
1448
1096
4619
4396
62
2326
4909
262
5351
2757
8743
3528
7900
8578
7100
7631
858
9261
2812
8598
7430
8151
4124
3088
7835
5773
2426
2360
1918
9504
4979
3458
4833
8343
7861
382
4044
9934
7160
3082
2285
8579
1118
9237
6822
379
9396
301
1005
4523
4203
1115
4670
5118
6803
3520
1613
1450
1148
4339
6035
5274
4526
3089
2243
7107
9315
7901
3995
7412
5605
9425
8564
8727
4995
89
5577
9591
1317
6683
9293
253
9855
1086
5983
8622
9745
7825
536
4689
6050
2834
749
1232
3631
7602
3246
2504
3594
8936
3202
8335
5010
1203
539
830
880
24
449
5590
9359
706
3510
7421
1145
865
7696
6285
2702
495
6127
4577
3008
9977
992
3659
9771
3813
8523
9428
1019
9262
5129
4435
6619
7638
2475
2871
557
5353
648
9719
7863
8859
8953
8268
2028
6186
8277
9330
2128
6443
9912
560
3835
947
930
7910
7150
9856
2630
9465
8568
9843
7144
343
5553
4971
4266
5621
9780
3954
1517
8583
7818
8664
8522
8913
1359
4300
9526
5725
2020
4276
2601
155
1052
4647
2884
5583
8415
9974
8837
9942
3575
8218
3024
914
1954
8079
4213
1684
3259
959
3866
8738
4256
8490
8189
1734
3717
7730
9917
7313
7076
281
547
9610
1447
9105
9646
1251
4564
4761
8823
5422
285
9432
794
7494
2648
6236
1097
1168
5333
882
922
4552
4112
4065
2482
7480
7769
4021
4910
9984
7728
4702
3147
336
7808
7194
6572
3126
6653
8088
822
6613
33
6387
1688
7208
5153
5490
3286
409
5078
4223
8661
4943
659
966
1112
8117
7725
2281
2618
8864
5718
254
5976
412
7287
9310
7291
1964
366
537
8230
3545
5816
3518
2791
1703
4878
3232
9269
1852
8980
2353
6714
2806
8653
1805
5059
5263
9232
7993
6262
7752
5691
430
5567
1898
8391
9185
6233
1762
561
7767
328
3844
1818
6190
2995
6577
5974
3716
8760
7518
2506
9921
9339
7723
2350
3486
4319
6265
2682
5236
949
126
771
2397
9659
5706
2081
278
7447
4054
3624
9455
7490
9043
2273
4347
9903
6970
7556
9321
757
1584
8758
834
3917
1860
3200
2030
7140
5927
9699
3733
9764
96
4274
4036
7598
1545
9348
6193
6854
359
2286
8080
2139
6333
2958
848
7017
4938
1615
2596
8166
6818
7047
5352
3193
8982
6890
8459
273
9387
9500
840
9078
2724
3401
7018
7513
6200
5576
383
6700
4620
7263
961
2765
5769
5820
5826
6268
4186
9204
7934
3796
1271
2282
9866
1787
2417
6360
9441
1639
6893
7010
239
8721
1071
3567
4249
7731
6010
7614
4270
4407
4907
9485
18
1577
7024
939
3859
2991
3960
6732
7656
9370
5956
5677
5981
7203
5651
9955
6427
3811
6586
3730
7803
3653
8239
3313
8229
4748
7796
4594
3302
8735
1132
6583
4835
3105
5893
6654
1957
7877
2434
2464
5895
6281
6080
9741
2780
9029
7096
5115
3875
3671
8147
7604
1374
4520
3384
2640
6701
3918
5185
9015
6759
3595
6990
6156
8790
2786
526
9169
4478
8137
1406
3260
1592
406
8918
6548
9510
1479
1426
5000
6025
3418
9395
9340
2251
2172
3150
8525
7309
1037
3096
1269
9088
1570
3016
7955
5347
7009
7641
3025
5818
5935
4175
7584
3319
3429
7079
587
1553
2444
516
7613
3242
8925
141
7906
5148
290
7261
3373
8195
3359
1087
7004
7580
1436
5214
8027
990
3334
8592
17
2554
8788
1721
8332
1689
8471
4905
2169
4415
613
8234
9472
5726
9669
3339
2068
586
7550
3119
820
1320
4308
9202
4691
5921
2570
7126
2401
8979
415
582
7706
371
7334
743
2445
5362
2413
2583
6201
6977
8552
6968
3287
7987
4811
4490
1391
7833
2900
442
2442
5940
8922
5157
5484
7611
7695
2934
3111
3178
9309
5102
288
2869
1985
6687
4913
5905
3352
9480
1491
5121
1815
5711
9999
1965
2857
5882
1257
7678
7074
6647
8435
2381
8227
1215
5344
568
399
1790
5264
5762
5719
9509
4488
9235
8612
6640
5697
8973
3622
8476
4970
4638
8382
7677
8503
6402
8300
797
5506
8290
8025
3366
2421
5757
4086
5743
8441
7298
1078
2578
4775
2256
5597
8632
1352
2841
2002
7807
4385
5317
7441
549
8570
8858
7727
3907
9329
7770
6916
2612
2667
9964
3015
1832
2739
6747
2082
3145
8020
150
6834
709
8298
3770
8650
6046
3262
6560
2651
7112
2107
3271
9671
1923
1973
7275
7458
7224
2579
3181
5305
4709
6522
6053
6041
1407
2965
6778
300
9200
6851
7546
3066
4146
128
599
9604
8797
9439
7375
811
7041
1246
1840
2526
5899
8067
6005
4216
520
6582
2279
7585
2519
9122
5191
4344
45
5734
722
570
5023
8359
7691
5366
5839
6539
9367
4981
8878
2637
6337
4219
5534
6840
6543
1602
2771
9342
2270
6958
9109
193
9789
5945
1701
2599
6996
2511
5634
2706
5476
63
2942
3738
5067
6737
1496
1529
7039
8906
2186
1047
8190
6359
4965
8560
3968
7865
9168
337
7717
1192
1199
9234
804
2283
4535
3118
3398
731
4661
6164
9250
3120
1749
6726
5080
2610
4468
1489
5312
6991
1373
5300
6451
3187
3809
5207
7989
443
6249
1476
1252
8250
4361
2968
9542
5666
5446
1546
4525
4615
2155
3533
5064
3227
2015
1982
6774
4084
7445
7702
3895
7190
5409
5723
7344
5173
6955
8996
9126
8202
4621
8656
4542
2487
6306
4611
2394
628
7956
958
7686
6681
8587
6345
5622
6270
448
8769
6598
9263
7471
800
1756
8546
4286
4566
9557
1384
5202
7733
9877
3325
7174
3788
2209
5350
4164
82
95
5479
9672
5623
3141
154
7243
2974
2703
9239
9327
9958
7673
9316
2159
5683
6218
3438
4312
5640
8078
2204
3588
1580
9322
7988
9280
9916
7517
4849
458
4846
3483
2847
5441
9171
3987
1844
4172
3400
2451
4400
3467
9285
8943
8530
5438
3882
632
4895
4660
3269
2459
441
77
122
9306
7519
1050
3977
4799
1143
3759
938
8123
7681
4333
849
6838
4363
3761
2194
1801
8617
9389
8737
5271
9726
171
3707
2183
9773
5404
9848
1879
7635
3929
3329
4694
7655
5432
1070
3692
5602
2743
3078
6781
8529
2114
1779
3876
2467
9649
3473
2496
7603
6651
5715
9563
8198
1849
7293
8362
3465
7173
2738
6563
5075
1033
2675
3541
6110
1568
7321
9076
1609
217
1041
7431
5639
4364
2912
4728
5277
5223
4091
652
1738
1117
6750
1514
7593
4025
3658
2349
2319
5135
8089
7536
4357
9828
6092
7562
98
6607
5140
6325
4723
7252
763
2502
7726
4196
3851
7021
1538
3538
3365
267
6112
6772
491
9768
9203
8188
6837
5004
6888
5874
5390
4120
7806
1990
6084
3935
2572
4501
6074
4496
437
4141
9962
4487
9601
4395
8549
1108
8182
2146
3062
4482
5509
567
5619
484
9821
7554
1949
2348
8563
5212
3670
8683
1590
8305
6070
3043
2395
360
8429
2674
3963
8142
152
2668
8652
8698
9286
3564
5035
6447
5329
1358
3099
2867
5756
2745
5812
9724
1318
6768
3290
605
6698
3810
6623
5539
9206
4108
6459
1555
2245
9110
1268
244
1621
853
1892
7099
7735
4977
1791
9066
4103
365
9117
6128
6245
37
5360
6209
7844
7839
1917
5549
943
8226
1729
8261
9332
1532
8969
6876
5253
6226
7186
2535
173
8928
6862
7077
1248
2346
5626
9574
5710
3131
9904
5866
6766
5139
3283
862
1100
1381
1414
3164
1440
8595
1870
991
8179
7110
2699
9077
9156
9371
3818
132
7943
1449
7814
4962
4974
6939
2402
2853
3065
7231
4837
3369
2083
7276
9369
6450
4081
1848
1067
4667
9872
3087
4985
1726
8354
1533
4048
8289
3170
9210
7084
7566
81
3901
8623
48
8500
3544
54
4205
5800
269
1113
687
4980
2208
9241
4686
5151
4461
298
9317
9383
2967
9913
3219
9867
1625
7682
9135
2420
1920
584
428
7924
5916
4712
2473
6030
8965
792
4133
8842
6656
4605
9474
2608
9062
68
3574
8233
522
4858
1031
6828
8887
8061
1541
7341
5680
3495
7251
5790
7841
1627
8972
1134
690
6419
1264
6645
7932
2389
6980
3018
8458
8072
808
8283
2874
7666
6369
3934
7809
4500
5054
2017
9895
5348
6689
9657
6884
7676
8221
7921
2917
5513
7280
8144
9435
3904
8317
9051
5973
4733
2024
8833
5967
892
4046
4398
9586
1796
1866
7718
7037
6920
3772
6460
8542
5665
7475
7089
2808
4893
8668
2960
8717
7668
3028
350
3874
9988
7740
4450
3323
566
9207
8473
8865
106
6785
7106
7493
8271
2563
6682
6367
4541
9114
760
2819
8898
5950
1428
8545
8157
2858
8355
6150
1495
2098
6941
7043
9763
2323
423
4434
9692
3553
5824
9935
6107
9276
7925
426
7359
5062
3020
1588
5628
3045
7118
1617
932
5624
5047
6707
7404
3415
7642
737
401
6780
2431
4425
3675
2734
926
1956
3846
4592
4843
9042
7959
4589
9576
6798
2901
4859
7647
3958
5134
1674
9707
197
4916
8460
9194
1863
5900
9125
5034
9001
2059
4625
4498
1107
3710
1355
3424
9665
9703
455
9111
1913
6207
4534
6339
6499
6591
2850
9301
8787
5529
3437
5909
8374
5687
6336
7893
1085
6271
8729
1795
8734
5370
9629
7599
6728
8242
3873
7204
5985
8099
6012
1534
2935
7579
2085
6947
1554
1784
9973
7736
7812
2300
1933
7763
1442
2490
3317
8444
1640
4436
6210
860
2289
1811
385
5478
3836
4444
1567
2783
6414
579
6761
9658
4547
7879
7340
3921
5057
3301
4836
9244
2801
8748
1396
9865
1403
4984
3192
7789
8208
9832
5132
2569
3706
8373
1653
6879
2089
6453
6076
7158
8063
3722
4807
7196
2770
7149
6566
1831
3563
303
5537
2916
3727
5543
139
7229
4405
1453
3590
7424
3646
2014
7920
2516
9751
1629
6065
1016
2123
754
9743
1013
6011
9497
2742
3736
3741
1877
748
6776
3964
7707
3052
1247
1600
7520
3142
9805
908
2253
3035
3802
2876
7856
6723
315
3195
6730
3771
1847
1316
1846
6533
9
1250
4235
3674
9132
3110
1712
819
1238
4918
8845
4128
7439
6630
187
6727
1885
9384
2409
1513
2896
2205
7221
7712
6033
710
4131
8269
7290
6113
2632
1560
1438
9632
1730
9373
5922
3839
1843
4766
9099
9089
2550
8567
2062
3425
2910
1079
2946
1614
4955
3094
8806
4173
8040
6812
8902
699
3543
6814
6836
619
9362
9444
5306
3456
4114
8685
5164
9968
4579
6734
8197
4408
8777
5461
5330
9810
630
9731
9328
3714
5038
1038
5568
4035
7213
2515
1745
8538
386
6370
8126
5096
4328
874
4538
9119
1473
8340
2691
9597
6917
1838
6434
1566
73
7022
8436
427
2018
4785
7563
9613
3698
4662
9470
2157
7371
6601
700
9407
5309
2498
1651
9054
4045
1469
2423
920
1648
8407
720
8919
8081
5584
721
614
7689
4685
7745
6297
2288
6382
2481
9606
876
6198
9813
1512
3516
4001
656
6060
2358
8955
7328
3257
517
5650
9638
2364
2889
3660
8101
3203
9037
7066
9992
708
8327
2660
9230
7363
4006
3100
94
1166
7651
988
1262
3826
8990
4687
7709
2136
3783
6474
7537
1226
8599
8992
8723
5745
5965
6536
7417
8712
5908
8984
1059
5388
8697
27
5393
480
6919
9022
4467
4688
7528
489
4246
9059
1125
4990
9249
3292
23
8831
976
1155
4089
3332
719
9862
3890
3628
8024
5550
3687
6799
2455
7242
1221
9112
3991
6488
9303
8466
3006
7141
3711
318
2134
6896
7965
258
4539
4879
4532
7609
7543
8879
9799
8398
5496
2652
2037
618
717
5594
4424
1412
7827
9405
2246
3887
861
1256
7282
8515
534
3939
816
8689
5006
8307
9246
986
1035
6098
6077
5884
2848
6735
8236
2863
4580
1028
1326
4374
6282
6047
246
8651
7805
7662
606
8882
8410
7423
1830
3691
9991
7694
4993
5324
3129
2398
4553
5784
8805
8163
7688
998
3294
1303
571
9442
4714
9147
3732
638
7339
9028
3838
9567
4986
3756
2021
4099
5069
1715
9229
9166
7253
4899
3408
3206
6352
5437
6642
5936
789
4940
1977
6845
9175
4903
4608
8591
3665
7408
7862
2523
7065
7687
4844
476
8303
9447
9338
1680
1498
5032
970
5941
1427
8867
245
2594
3245
9115
6579
5522
5501
1663
704
1434
7952
9172
6609
7092
964
9140
5122
3235
2104
6706
7531
5780
6633
8535
7782
4397
8475
8575
6261
4682
2224
3059
1163
1433
9036
243
1591
6296
4997
5146
5211
6357
5996
302
5694
9636
3573
4521
7023
1270
2244
3956
4307
6815
3432
7667
4134
6520
4135
7025
2367
5408
1992
377
5472
5024
8897
8766
6921
1140
6691
1883
2766
6133
8430
1260
4755
1948
514
6089
8421
6657
434
3600
622
5517
8074
8978
6068
6175
8183
5368
6145
7198
5912
4503
2250
3410
1966
6971
8381
7950
7820
580
7751
1652
4297
4719
490
9565
4097
993
9390
2483
8836
4618
2679
8240
1284
5456
4932
6083
6091
2461
4897
1208
9625
8793
1483
6541
2340
1711
8740
4358
1089
9032
272
8412
3144
6667
76
4570
9361
5267
1382
3449
9869
6222
3171
3837
2815
4782
3184
2287
6819
2419
7928
8136
3477
6538
5310
6266
9026
2428
3326
3753
322
4169
5714
6385
6437
3058
8156
8751
5434
4197
2721
4156
9937
7192
8304
845
9847
7260
9151
7567
2322
3446
7468
4446
8616
9858
6379
4073
9655
2280
8541
3862
8510
2613
4227
9195
5110
306
3282
8539
3423
8232
6066
280
9759
5896
3434
3817
647
4634
9572
7596
5830
7918
8977
7836
8256
7581
4999
5878
4871
7314
3031
7085
1819
2626
3093
2824
4217
5751
9807
1135
1484
5009
4316
2954
7972
8753
3571
6880
4559
6258
7500
2539
1668
1142
1927
7945
6141
4071
1131
160
21
4911
8321
3390
607
7781
3428
1327
7492
9019
2645
2118
3237
5391
8342
2777
4012
5871
1172
2466
9785
6605
5943
851
1276
3597
7002
4730
4960
6290
828
6612
6079
8353
529
6096
5299
1941
766
9430
370
4598
9253
6027
2845
9050
1857
5560
4033
2821
6490
4927
6631
293
3168
7259
1710
8502
7438
7207
8196
5831
3565
1299
1441
6694
7075
942
1470
9468
2001
1302
1254
2214
7013
5205
7348
1218
6852
3420
4443
3176
4260
555
4838
4017
6426
4823
7705
6855
4063
6804
3784
7401
8808
8533
5161
3780
6439
9674
5158
2804
4241
1812
1709
3385
733
9364
55
1543
4466
319
8445
5085
5692
1387
2740
4522
5573
5948
6430
4902
3689
9566
5502
3371
4031
5926
6615
7866
47
2133
7646
8625
888
9975
8247
5
1182
3891
3182
8709
8122
1550
9540
5607
9757
8641
6130
5453
1719
868
220
6143
8695
3273
6342
533
8181
8267
3324
481
3893
5326
2414
3265
2477
8358
5178
4218
7415
9219
1740
7061
5873
4920
7680
9595
1128
9129
7608
9479
4777
4672
6777
6086
6942
2344
7272
4865
8565
6945
3363
6388
5443
8764
8782
1452
4884
2609
7479
8026
3702
345
8676
7774
2676
1444
9492
7453
4614
8647
7389
2773
7347
8915
5770
6155
2800
2622
194
4718
5781
4314
7624
3820
7542
8850
5563
9081
1758
3134
4127
3751
7629
4874
685
8588
4334
3344
8414
104
5346
6882
7179
3007
1044
5210
3819
2920
4951
4448
1424
5565
756
7056
6358
8702
6743
6887
486
1616
4267
6662
468
7903
7754
4370
901
9096
8404
9742
9994
7937
4465
6641
7982
8620
6646
5892
519
6238
1295
3867
9926
1813
2560
8280
7038
4310
740
9626
2173
750
2627
1124
8494
5377
4889
8703
6680
8165
4862
8206
327
9706
1030
9950
1459
501
8007
9503
1098
2842
8432
6184
940
2384
2011
3539
1974
9070
9027
1792
6445
3903
4649
1420
4140
8369
8425
2254
913
2877
823
6469
3923
6166
9839
116
3840
6397
7606
2225
6364
9888
9426
6505
9882
736
7904
9755
1736
9097
5314
3723
4369
6317
7373
3560
3034
3551
2144
2055
8711
5361
8636
1161
3103
2047
4696
3604
4722
1675
2075
6856
8222
266
3822
7907
3393
8774
5802
5415
9849
8386
4303
9598
1110
8483
6578
232
5103
1144
4278
3411
8257
9774
504
3781
1430
8983
3636
9424
5230
7942
2624
4068
4376
1755
5846
2735
1943
6384
7990
8964
2635
5788
4545
2855
9996
1478
5245
7223
3831
5030
9353
1806
889
4644
3190
6363
6744
565
8047
695
7392
4230
2060
5179
4011
5551
3476
9419
6260
7058
6989
6906
4643
5239
2588
5235
7337
2411
2708
2737
5647
3568
2615
1372
6416
5193
9083
3696
1506
772
2862
7162
5630
238
2267
521
7813
5154
1080
8553
3808
9717
207
7487
7152
6867
2383
1645
8409
1342
7697
3240
9547
5209
9621
4624
5564
1510
6508
1829
393
9737
8610
9336
275
4416
4377
3027
869
381
2681
1287
5863
5532
5907
9748
1821
7933
2073
1137
7810
4939
5849
1195
7548
7549
6
3310
5384
3413
29
9124
9624
78
3376
5852
3402
1960
1743
9682
6344
8215
8556
6299
8708
7193
1004
1891
9307
7201
3857
1780
2435
6624
8120
5183
5843
4394
7007
3845
6665
7897
4664
5951
9184
572
6660
9946
960
3186
1681
3942
6403
9305
3884
7630
2669
3559
6618
2963
186
9527
7033
3607
1771
5166
626
8688
493
3341
5528
7461
2478
6152
9402
3833
4531
8694
2720
2788
4736
8976
2456
6688
4669
7699
1471
2484
9662
523
6315
8422
9857
9236
8791
2930
4735
349
9546
8660
9987
2677
3550
1735
6666
7558
3629
9100
420
2433
1265
1686
3152
2051
8134
4882
7912
3672
2828
8989
2229
5297
9075
6710
6593
4700
4975
2393
395
86
2191
9943
7413
6959
2716
7220
7443
9434
617
7420
7374
9282
3701
904
6067
457
3166
2446
9887
2685
6716
3612
6616
5213
2762
6142
8829
2725
1768
2534
8582
4390
7887
7046
817
1119
1752
5469
7246
1404
1395
6105
2885
1833
5374
7495
9803
896
5616
2872
1523
5841
2865
5247
4609
4309
6673
4419
8146
4788
4504
7114
9910
5474
7834
2372
335
3160
7052
2308
4015
1551
5201
9666
7627
4891
8713
5254
1371
9678
9034
2875
5596
8455
6525
3912
5612
9559
1765
7496
8581
1961
5674
1216
6788
5877
9815
439
8690
2919
5224
502
4590
4744
7915
5037
2940
4331
7894
2861
2342
6835
8030
9196
8762
9520
7437
7026
3331
3460
5308
6839
64
2646
6219
1997
5923
8488
6592
3452
3633
4705
2230
4994
5504
3775
2556
9363
9300
9738
7369
9800
4273
5089
9673
1121
3988
4875
9684
3338
6263
4252
8124
364
8631
1416
5336
663
9875
5890
4261
4603
1632
5995
1971
1463
9845
9898
6779
2255
8016
5133
7450
9846
8939
2436
1267
1670
8130
1413
550
5180
7815
7985
1631
4477
7515
7370
2752
147
5938
1171
7108
852
9609
7069
1379
6590
304
2982
5603
6966
368
6119
6745
1229
6580
6008
1286
968
4514
3632
1237
6904
1
8946
9025
8125
9448
2670
5455
5028
114
8299
9165
5091
3983
6213
5708
8461
3450
7786
2543
9668
1266
5025
5901
7876
5112
2593
9344
4059
7254
2931
7854
7455
4743
8281
6860
185
8684
556
5296
228
6740
2844
7739
8531
4198
7081
6610
7927
3169
1288
6018
8066
833
6951
494
3613
7385
4489
2143
7073
3767
7847
403
4912
3188
3330
8821
2647
1723
9616
9939
2130
7400
2333
3222
3515
6036
8162
7325
7757
6664
824
9961
4675
3342
200
1962
52
3579
3076
3798
6087
9360
4948
388
9297
1650
2293
8863
3542
1862
218
1647
5429
6877
9728
8931
7005
4555
4263
697
5100
559
4009
7762
2689
2038
1242
8830
3925
1176
5959
3124
2977
4191
6676
5018
7036
8785
9473
4783
5323
9709
8102
3140
9948
348
4517
369
5889
8330
5261
3474
2732
6981
8649
2437
9778
603
3161
4764
6756
8673
8423
4469
9120
6479
5670
1146
9766
4690
8614
924
2156
3068
2171
3050
1888
6485
2664
7104
8914
6965
8145
8138
8462
5556
682
8203
3779
5293
715
5421
3961
4439
9012
7418
1212
310
4348
1492
6858
4575
5673
5572
2044
4851
5703
4245
3014
7895
8710
8015
6866
2400
451
5288
146
2140
251
4674
7394
3048
5190
8580
2971
4956
694
5969
2221
1380
5722
6353
855
6212
3494
3156
677
2838
5795
1595
7962
7772
4014
4042
7504
1995
4154
9762
9257
2091
7428
6674
7637
6392
2580
2654
2006
1950
8926
6558
4780
8178
3146
6725
4491
6140
4058
1076
4106
7383
9069
4593
7044
9618
6277
661
286
6530
9582
9615
509
3158
7485
6585
4129
6026
5870
3669
9456
8306
7552
6007
9006
4037
6401
4481
5005
608
329
2405
1881
373
7846
5741
1487
471
8262
3881
3430
342
1778
2210
4567
9560
5142
915
6857
8810
5797
9908
9704
4341
7353
2013
4852
7957
7672
7755
201
1504
261
1180
5130
5536
6511
6154
4100
4052
839
2454
4947
4330
2078
655
1042
7571
28
6314
7462
730
6114
8109
9978
7716
6978
7502
8244
208
9525
6310
4770
585
5488
7345
5272
6767
4572
751
4160
981
1322
2772
4654
1935
1794
3547
2232
1274
1842
6671
8870
7949
8789
2551
4515
2187
6936
2121
6101
9017
5339
3799
9158
4123
3690
1679
4524
2776
2476
3263
1337
4111
2530
5817
5910
7411
3892
5226
3004
2729
7189
2830
7324
323
4933
9558
2798
5340
6338
9494
4209
7684
2809
4206
985
347
6294
2914
4242
4126
9932
8988
2324
8991
718
3270
4462
9136
4360
1481
6648
3880
974
3143
1817
933
5904
9612
7729
9040
2741
6081
5660
5477
3435
6875
8715
1814
3849
5266
5588
1682
3443
6305
7939
3194
8921
1366
1511
2247
6328
2923
2643
923
3396
8645
1279
3666
9643
2090
5127
739
91
1876
872
3648
6967
9408
4582
8465
1150
4936
314
4279
5386
7367
1717
2987
2119
3922
1290
156
4713
7756
4747
6272
8167
3457
6570
3596
4964
9902
6102
7919
4090
551
6061
9524
8745
6106
5754
1603
9633
3337
8451
3000
9787
9664
8253
8118
3525
3609
3383
5033
6231
9681
5869
672
1486
499
7660
8640
2265
9220
5520
4240
8613
4204
8097
8297
1904
6467
7238
7355
9337
6313
5668
5587
4389
4414
3030
6470
3136
6940
1988
1677
5768
1186
211
1707
4115
5984
6049
1565
6771
3064
3454
5699
1905
4805
6988
6513
644
4185
5083
9243
5738
1899
6752
1173
3869
8408
5227
6168
357
6194
1938
4543
9838
7011
7973
8204
2832
3886
8296
5765
5170
7991
3990
3966
8775
6915
6549
2906
9756
2069
917
1032
3829
8021
5196
8482
165
6650
7970
4144
4471
4226
6045
3357
3417
2074
4556
8517
6347
180
4941
6960
2746
4658
1066
4616
5458
1563
4804
8434
8093
5048
4338
8520
5613
6690
9063
6197
108
2514
8457
7926
6432
5664
2211
3321
5221
4586
2859
4237
1202
5061
1331
1419
8826
7922
8453
1800
5049
4648
9695
2722
2849
5868
1597
5503
9982
8799
4772
3060
2604
305
9404
1894
7860
3346
6562
5077
7574
3106
6115
3830
5143
1889
2943
7382
4018
5682
1376
2993
394
8657
3522
5104
1861
5931
9191
4194
9486
9521
3011
8770
714
7761
7247
2418
6891
166
9794
6375
2544
3022
3019
4717
3554
3224
5489
2292
9823
9011
4335
6711
4064
1940
3267
3229
2219
5169
7775
2331
6241
189
3395
397
8251
6056
6126
8957
3249
8672
3130
221
1410
2653
363
3102
1390
5497
6773
9476
4678
2129
8043
827
7822
9283
5269
9378
4935
2297
167
9553
5418
4155
5313
5803
3556
5524
2561
2277
2881
9058
6575
1704
5678
9620
4779
3241
1880
2100
6300
6603
4168
390
3971
7175
518
6478
5804
7501
3943
9588
6500
6181
9273
8885
7088
2962
702
2499
9551
4402
3272
2065
3051
7826
5128
6695
7540
9134
341
8029
1466
8796
1921
5058
9035
4250
3742
7176
1465
3800
8665
3580
7053
2
6699
3584
2663
4145
7474
2471
2441
5383
2023
7319
5548
5184
4375
2629
9886
6308
8301
4584
8548
7330
2606
4437
6963
8384
3914
905
3724
4332
3982
9347
61
2488
8246
1017
1872
5531
7113
6090
2240
3406
7268
1046
1558
859
7665
3933
3637
9489
8022
6489
5805
9460
1185
738
7148
9231
3863
9268
6900
3356
6094
3444
472
3409
8148
7845
7632
1328
7764
3315
7837
7679
4957
9038
4320
4432
8284
9933
6957
6475
9985
4928
8095
8747
2045
2524
3167
5341
8334
8177
7545
7899
4029
1231
202
4047
1827
5521
5911
8131
4340
3978
8152
4070
6628
3394
7239
6417
7974
1205
9541
2778
6523
8848
8045
2162
8265
6724
8905
5144
973
1139
2307
8349
1859
5698
6934
3623
2763
8950
158
8558
7582
5249
4549
6199
3688
8395
8141
3962
2941
6203
4004
6684
6103
4271
7464
2992
1518
5752
9450
6031
7093
1530
2180
5516
7057
8489
6159
2683
5776
894
7785
5785
79
5286
7320
5629
5494
5208
9023
3416
4597
312
5332
2080
1782
5237
3645
5608
5187
5829
6413
8903
5930
3828
5363
542
2115
3117
5730
6509
2761
8877
4886
3431
5466
8360
2385
1009
9841
9380
7628
5684
7780
693
2793
3252
4049
944
6649
5375
8954
1333
224
4137
1000
6038
1878
1300
9052
9583
7343
7295
8643
3679
1720
1213
8071
3248
7177
4740
4248
6406
7115
5475
2274
1916
5358
595
1673
7824
9308
3519
777
2922
1497
6596
4808
3231
1979
5915
311
1056
3804
5298
6287
8158
5342
602
3207
2760
950
6832
8042
5887
838
3852
2789
8075
3951
4967
9501
462
5412
46
6043
2587
7406
6172
5007
6259
5736
7964
9090
6733
5380
4563
6496
3940
35
4860
4868
4088
8511
107
7798
2641
6758
7898
2309
8311
4703
6071
7967
2981
4946
7395
9178
1764
6346
2399
3524
5704
4082
6907
2087
356
5243
5397
3821
2619
6844
2564
8642
7249
4101
4158
4107
6892
2571
405
4806
99
8375
5311
7975
705
2008
1890
8199
6174
2915
3755
8192
5447
6267
1671
7795
4636
6847
8470
8524
1165
8083
809
5182
1437
5656
5378
9159
8742
782
5720
6404
1289
3586
8282
6995
8886
3910
362
8930
3816
8970
4412
5998
3208
9214
3314
4832
5423
7117
8090
7297
8589
1398
4639
4792
4732
3484
4869
3362
4652
8849
3915
7155
8273
5098
4354
6123
8132
2709
380
6160
8377
7715
3210
9128
7753
2391
7664
1585
723
264
6604
7456
3472
4418
5987
6986
9792
9386
5759
5914
9005
2019
6595
9675
4337
963
1439
9722
696
5222
3928
4050
1593
5972
6148
9381
6311
2480
5427
8357
9970
1864
6023
6748
6943
3234
6672
8732
3285
9989
5405
2468
8944
8433
8176
5355
4842
4002
1275
355
6100
93
2661
1975
8129
9372
5426
8757
7804
4464
8730
5225
3053
8392
814
6374
6962
8077
1515
283
5958
4325
5257
7078
2217
1664
6420
7425
7607
3067
4176
5731
4208
651
1705
9137
2202
324
2756
6801
5814
5168
9918
3478
5713
3552
8781
4159
3536
7708
9648
6738
3488
4423
4996
320
7202
5493
2879
8532
7880
3295
9277
8185
1911
2955
6019
2190
837
6519
294
1480
7477
7452
7838
4765
7644
2189
2673
847
9723
1088
4820
9732
956
7312
9482
7633
1493
6597
4005
1261
2166
3634
538
8716
1991
7255
1099
9152
326
2573
53
5156
8302
2443
241
9108
5086
4721
15
9190
2611
4212
7636
7132
4969
231
6455
6972
8379
5385
8318
4847
925
4343
4830
4177
9686
9864
2041
877
4381
3223
1564
4243
3354
8448
2016
9266
1742
2698
4041
9816
8184
2314
5137
5259
3611
6663
4855
4527
8103
4923
7840
7823
4630
2035
4848
9998
9331
1312
856
8997
5290
7930
6800
4211
5402
8949
69
9000
3127
2164
9627
928
1562
7875
8594
1573
2469
6927
9580
6147
8635
3453
308
7358
4200
8348
2272
8084
825
4930
2639
5729
3974
6820
1770
9956
5838
6063
4188
1910
2805
8912
1903
8345
7659
188
7062
7304
8012
6421
1301
5262
8942
3855
8011
9138
8862
5688
4646
9160
8986
8923
4302
5452
2126
22
3842
9215
6792
6343
9173
5398
506
2460
8835
803
1810
2361
8846
2500
8884
7219
113
8487
2546
1967
8860
330
3500
3657
9093
2053
8492
6872
7427
3159
2541
1485
1190
2836
4027
6381
7095
9217
4162
8322
1370
3026
8917
5111
9366
6188
50
1456
157
6057
3725
9811
8313
5095
9131
8449
2769
8351
8629
4959
795
4458
4195
864
212
8350
1335
2203
8426
1443
9065
2507
140
1955
4604
7014
8058
6637
650
8100
7169
9758
4113
1895
3728
7951
1170
9730
2096
507
5008
2295
6187
1540
3992
5840
3549
3777
7045
8741
1626
8160
8938
9067
1116
3501
5566
7714
7142
2712
6037
5993
6002
9739
9797
3508
531
6183
871
8237
2345
8854
8004
8241
8800
7182
7234
467
2749
9222
4072
4710
6898
7954
5482
9350
5855
5001
6326
8291
5256
1724
9409
3504
5070
1188
3109
791
8765
4934
2010
9635
7483
265
8618
2925
6444
4447
1365
9544
7481
635
7737
7658
4118
5857
5365
3537
237
1451
100
3825
7998
1062
255
5318
6850
9506
8010
7522
5162
5772
4061
9382
8995
4190
9010
8133
6217
1073
5808
2101
3177
8405
7533
3174
5303
8055
2109
4440
31
2695
724
1082
6161
5511
674
843
4784
9189
3293
1111
1841
120
7159
2590
3095
4234
1924
578
2854
3885
4336
4420
7393
2341
8260
1525
2004
2177
6874
8031
8856
9429
4051
213
3865
8416
7317
6905
4537
2893
633
2909
4778
6059
9323
8295
6922
178
9967
7963
9752
9775
1803
3562
4896
629
1409
5676
407
906
6871
6703
2359
3913
4752
4125
159
5801
6705
5401
7931
1015
5897
9871
545
4010
4536
5728
419
7222
6527
1915
4863
7503
5419
5604
1298
4561
4092
4952
3734
352
8807
6391
413
7848
6853
1245
170
118
7199
3368
4264
7482
4151
8365
3091
9539
725
4914
1775
3937
9941
9817
6349
6974
1850
230
9463
2817
4183
1718
7209
1008
3718
4382
9822
2584
1468
2207
3336
5609
2064
8817
6863
127
5097
14
7145
8329
7097
9607
1630
1240
4516
5307
4093
4845
9899
8999
8431
698
4262
1060
177
4285
3092
162
9906
7134
6675
5586
1194
3054
2792
2363
9642
4983
7852
1908
9725
4085
1642
2197
1574
8397
5125
1769
4562
9694
9923
8428
5526
5436
1338
8802
7594
4776
6211
5093
1884
8019
7356
5595
6454
1509
2380
3070
2833
8272
9747
7788
5467
5552
7577
1207
1198
5755
5925
83
7168
297
5206
2811
9443
7226
2278
4854
2084
554
138
1345
4301
6341
5740
1149
8602
3264
206
5413
6765
535
8666
783
8544
2585
9208
6082
900
4384
8971
6627
2198
5554
9795
440
8046
7721
7267
6842
2125
2856
2067
3764
3189
8259
4359
2790
8446
2373
898
4870
6808
6302
3739
6399
7147
2907
2880
1748
7125
66
8209
4972
4497
7273
2826
5292
1714
5702
5519
1596
7713
4706
6196
6069
2686
7881
7103
3695
333
1746
5662
5827
8094
2048
5864
7172
3909
6708
9883
4793
4900
9788
2873
6097
9619
2494
3872
762
2717
7864
9536
6517
7968
8693
3441
7164
6935
3372
7064
8679
7048
284
5260
6480
3236
2860
6431
1151
5283
4473
2465
1411
5055
5514
4326
9325
3451
8393
2985
6739
8217
1353
3566
2258
6492
596
5172
2063
7701
9550
558
143
3989
7829
7601
4925
7003
5041
9959
1367
3576
4750
6625
3932
4734
2665
4600
5428
2529
6542
4681
2304
2313
5988
1325
9687
2491
9712
2972
7465
665
8366
3113
9949
5255
1329
9896
8039
4299
5724
2131
9938
2957
2022
9679
2979
6547
678
5087
4034
5789
1368
9914
4391
214
6622
8402
2007
1587
5658
4708
9412
7266
7908
1314
5410
9458
4329
5709
3197
1330
6764
7741
2736
7690
1178
3955
1488
525
487
2928
4699
8744
2945
1036
7302
4588
4908
1184
8371
9579
5635
4076
3602
583
5495
7710
2199
6179
1154
7248
5349
5547
3029
6487
5327
4768
7778
5633
5451
3792
2705
6234
8794
9881
1361
1722
7286
225
6731
7116
2986
3322
6807
6170
1457
3506
460
592
2625
3785
9654
5815
410
3221
1896
6163
4585
2851
8933
7685
9835
464
597
7902
4576
6677
6016
9260
6452
3773
8828
5499
2775
7063
9511
5417
1072
8866
5359
8948
1507
9240
3998
2713
5026
2558
2493
2948
5793
2479
989
9734
8000
7167
5620
9225
2092
6514
3493
2116
5883
1598
4512
5992
6120
3618
8368
8193
6982
2961
6964
577
9438
1249
3643
5799
6178
9414
3858
4225
3850
3148
8320
7649
7994
5753
2566
9223
562
9127
6108
2605
9071
3680
5372
4193
3944
6661
2983
7529
8285
7711
2905
8604
2027
9900
6956
6022
3005
8658
1051
9837
8851
8264
2924
2820
4455
784
2623
1421
2097
9224
4075
2628
9951
7278
1520
3333
4568
8639
9284
2852
6131
7166
5854
2839
4966
7279
5689
9087
3814
4924
482
2701
1751
6380
1751
-1